docs/tutorials/t02/t02.dem
ncols 385
nrows 321
xllcenter 490398
yllcenter 4170140
cellsize 50
nodata_value -9999
[rows 230 to 252 of 321, columns 102 to 152 of 385]
1710 1716.88146973 1729.66943359 1745.21984863 1757.44445801 1762.53942871 1762.49279785 1757.68847656 1761.79956055 1767.85144043 1774.79956055 1780 1784.56921387 1794.4296875 1804.91101074 1817.66259766 1822.62097168 1827.89257812 1832.73815918 1849.84179688 1862.42565918 1872.09143066 1884.76965332 1897.49926758 1907.51074219 1914.58044434 1927.7220459 1934.77246094 1944.86657715 1955.18725586 1965.15270996 1967.97521973 1977.74804688 1989.44885254 2000.04736328 2009.37365723 2017.70251465 2024.79089355 2032.0423584 2039.57666016 2047.91809082 2057.63598633 2067.48242188 2070 2074.92724609 2085.36376953 2102.66772461 2112.49438477 2123.32519531 2134.93359375 2140.35180664
1707.19812012 1719.72937012 1737.10803223 1751.36450195 1758.2166748 1760 1770 1762.33288574 1760 1763.54943848 1768.05310059 1777.47351074 1785.10864258 1792.46862793 1800.89367676 1807.92993164 1815.33361816 1818.35461426 1827.54931641 1837.57263184 1852.57873535 1865.28466797 1877.69702148 1887.73840332 1899.69226074 1905.96228027 1917.77124023 1929.80273438 1942.14892578 1950 1955.28503418 1960.40856934 1967.85571289 1977.68005371 1987.04870605 1997.59741211 2005.1940918 2014.66296387 2022.30151367 2032.36035156 2041.99206543 2047.92651367 2055.34399414 2058.0859375 2067.97460938 2080.42895508 2095.00195312 2100 2112.47875977 2117.72802734 2130.61499023
1699.81152344 1717.26000977 1735.59765625 1752.82214355 1758.33361816 1760 1770 1765.17541504 1760 1761.54907227 1765.71142578 1774.84228516 1784.16748047 1790 1792.68579102 1800 1807.73364258 1812.33032227 1822.10742188 1832.31896973 1844.85803223 1855.04821777 1869.69567871 1882.37353516 1890.29516602 1904.76904297 1915.06945801 1924.82348633 1932.59448242 1942.10205078 1944.98754883 1952.35449219 1955.8104248 1963.51940918 1974.93652344 1982.5657959 1994.93945312 2004.51794434 2005.0916748 2015.24597168 2027.20275879 2036.68493652 2047.29797363 2054.95068359 2065.06835938 2074.76513672 2085.16601562 2092.43725586 2100.11499023 2107.84643555 2118.00244141
1694.80603027 1714.91882324 1732.3034668 1752.81494141 1762.13769531 1767.58532715 1770 1760.00561523 1754.57775879 1761.10290527 1762.45031738 1772.61242676 1777.63659668 1790 1790 1792.49597168 1800.37866211 1805.3380127 1817.51196289 1827.32373047 1832.55102539 1844.99108887 1857.55310059 1874.83288574 1885.33898926 1897.51538086 1907.79077148 1921.84020996 1924.79040527 1929.66503906 1935.0123291 1938.1496582 1947.40087891 1952.51586914 1962.75219727 1970.18054199 1980.63623047 1985.01599121 1992.67822266 2004.93652344 2017.54614258 2027.86413574 2039.86193848 2049.93310547 2059.67553711 2069.55200195 2075.43676758 2082.37304688 2092.07202148 2100.48583984 2112.41552734
1687.41210938 1695.39099121 1719.8536377 1740.02905273 1756.56323242 1764.83947754 1760.14245605 1747.37353516 1745.73193359 1750 1754.77648926 1767.58984375 1767.62756348 1777.53356934 1782.05456543 1785.52258301 1792.5032959 1797.87780762 1807.67797852 1817.71008301 1824.80187988 1832.6184082 1852.65722656 1865.21142578 1875.25195312 1884.71020508 1895.18395996 1905.15563965 1904.9375 1912.46240234 1919.84521484 1927.7298584 1939.23779297 1944.65368652 1954.55517578 1962.58154297 1967.92578125 1975.98913574 1985.36108398 1995.78613281 2012.32104492 2024.85534668 2032.59643555 2042.13513184 2047.72302246 2057.67163086 2064.94750977 2074.73193359 2080.69604492 2092.81713867 2102.59082031
1670.98547363 1682.49633789 1699.77905273 1724.81884766 1734.98632812 1738.04223633 1740.24206543 1735.06945801 1740 1740 1747.57434082 1754.83374023 1762.07836914 1767.65844727 1774.73742676 1777.8425293 1784.64685059 1792.34423828 1802.26953125 1807.42834473 1814.92224121 1834.59960938 1849.25561523 1859.99719238 1867.24853516 1874.97155762 1882.75842285 1887.25488281 1894.54956055 1897.79980469 1909.35266113 1917.55432129 1923.47033691 1932.64782715 1947.51306152 1955.20153809 1957.63977051 1966.95776367 1982.33581543 1995.06896973 2005.10522461 2019.4263916 2025.15014648 2030.14257812 2037.93359375 2045.08117676 2050.90527344 2064.9309082 2075.06542969 2082.65551758 2092.69677734
1665.16638184 1674.99731445 1689.81054688 1700.72729492 1712.47692871 1717.32873535 1717.46362305 1724.39257812 1734.58874512 1737.84082031 1742.31237793 1752.1385498 1755.21411133 1760 1764.78918457 1771.90185547 1777.86669922 1784.89453125 1787.39318848 1792.20910645 1804.98913574 1826.54162598 1837.33898926 1848.01062012 1859.70861816 1865.11608887 1869.33813477 1877.65100098 1882.39868164 1888.30334473 1899.97827148 1907.49169922 1914.87182617 1924.97680664 1935.01171875 1944.99694824 1949.54077148 1964.33654785 1977.57421875 1987.56274414 1997.76843262 2007.84814453 2015.06958008 2022.23852539 2027.93774414 2037.65356445 2045.32751465 2057.40649414 2067.56713867 2079.38598633 2085.24951172
1657.70153809 1664.84362793 1674.8314209 1684.96582031 1692.5826416 1700.60681152 1707.72131348 1720 1727.75976562 1731.97351074 1738.0020752 1745.26550293 1750 1760 1761.74560547 1764.77197266 1764.62243652 1774.49694824 1782.18933105 1787.62817383 1797.3581543 1812.60803223 1832.09887695 1837.65148926 1847.39367676 1855.15270996 1862.28369141 1870.29626465 1877.96020508 1882.41271973 1887.69494629 1897.66149902 1909.85986328 1915.29943848 1927.22546387 1930 1944.70617676 1955.09057617 1970 1982.21484375 1992.60302734 1997.87109375 2007.31323242 2017.48547363 2022.63232422 2034.33544922 2044.21618652 2051.95239258 2059.95849609 2067.59399414 2077.28735352
1654.46057129 1662.04345703 1672.26538086 1681.8416748 1688.34289551 1695.77880859 1705.37316895 1712.58447266 1721.71728516 1727.49121094 1734.65075684 1741.78076172 1748.30383301 1755.19750977 1754.81542969 1754.64880371 1760 1770 1775.3137207 1780 1792.21826172 1804.87109375 1817.61340332 1825.13269043 1836.82958984 1847.62976074 1854.83190918 1862.46838379 1870 1870 1877.67907715 1892.20153809 1897.74291992 1910 1920 1931.95739746 1944.28930664 1952.32910156 1964.93579102 1974.91101074 1984.87634277 1994.04821777 1998.46472168 2009.66894531 2019.51721191 2028.44372559 2039.31188965 2044.69592285 2054.65063477 2064.81274414 2074.95288086
1654.98730469 1660 1670.74609375 1678.98339844 1684.7232666 1688.29394531 1699.64794922 1707.79345703 1712.56030273 1719.79223633 1730.3795166 1745.16760254 1750 1747.76818848 1745.81091309 1748.27502441 1757.50927734 1760 1767.73913574 1772.28601074 1784.56408691 1795.2286377 1804.64941406 1814.62133789 1822.49902344 1839.30871582 1845.31103516 1848.12683105 1852.08325195 1877.27624512 1884.91894531 1889.76049805 1902.19421387 1910 1917.98303223 1927.67468262 1939.80383301 1952.03601074 1957.72827148 1974.88952637 1984.55480957 1991.73791504 1998.06225586 2005.36193848 2014.57141113 2024.24829102 2032.04406738 2037.62121582 2045.40734863 2062.09204102 2072.03808594
1652.25561523 1659.00622559 1663.03857422 1670.11523438 1675.99719238 1685.28808594 1695.00500488 1702.2890625 1705.45739746 1714.59606934 1730.01086426 1741.97424316 1745.37145996 1742.5970459 1740 1742.29724121 1748.04162598 1754.78540039 1757.92907715 1765.32189941 1777.3572998 1782.72900391 1785.10559082 1799.42163086 1812.44335938 1827.41125488 1832.7130127 1841.70239258 1852.66662598 1885.08215332 1907.34265137 1907.42297363 1900 1907.61499023 1914.79174805 1924.58032227 1932.29919434 1944.59033203 1954.64038086 1967.57299805 1977.50195312 1987.75964355 1995.39892578 2004.55847168 2011.87927246 2017.73974609 2022.37475586 2036.23925781 2047.66174316 2055.79516602 2067.70727539
1642.68505859 1648.1973877 1657.78137207 1664.3984375 1670 1680 1692.2142334 1695.76330566 1696.14978027 1706.88391113 1717.65698242 1730 1735.17895508 1735.09362793 1734.07312012 1738.05847168 1743.70251465 1748.30737305 1754.31506348 1760 1771.96838379 1774.86425781 1777.59594727 1787.63598633 1800.13830566 1819.21728516 1827.51452637 1840.45776367 1872.44445801 1895.15673828 1910 1907.64733887 1890 1895.00891113 1911.86193848 1919.47302246 1927.96289062 1939.75610352 1947.8770752 1957.65734863 1967.8527832 1979.75280762 1990.03356934 1999.5579834 2004.71289062 2007.50842285 2017.63513184 2036.76391602 2048.15356445 2055.50488281 2064.93164062
1640 1647.70715332 1654.53930664 1662.48120117 1672.60205078 1684.64123535 1690 1690 1691.76574707 1697.52478027 1707.52026367 1717.68725586 1724.79382324 1724.11791992 1728.1060791 1735.73706055 1743.73803711 1748.4543457 1754.18884277 1760 1767.34631348 1770 1774.80480957 1785.02612305 1795.31726074 1814.64916992 1825.04382324 1852.46447754 1865.18029785 1882.4140625 1887.76708984 1882.57531738 1877.54125977 1889.6706543 1897.69921875 1910.42468262 1920.51574707 1932.51733398 1942.05395508 1952.26940918 1962.23291016 1972.35693359 1982.54736328 1990.09790039 1997.50878906 2005.09924316 2017.80554199 2032.55249023 2042.54321289 2052.23852539 2059.28369141
1644.97705078 1652.58789062 1657.30419922 1662.76855469 1672.35705566 1677.71032715 1684.4576416 1686.90222168 1690 1695.00878906 1702.06188965 1707.97155762 1714.66589355 1722.00341797 1728.10583496 1737.94799805 1745.3380127 1750 1751.82910156 1758.1496582 1760 1767.60070801 1774.40710449 1782.10717773 1796.14709473 1810.21252441 1825.37280273 1842.30102539 1850.17883301 1854.99499512 1862.38244629 1860.01538086 1865.37512207 1879.60620117 1892.46838379 1900 1910.22973633 1925.04943848 1937.45544434 1947.4140625 1957.52490234 1967.46508789 1974.74401855 1981.81713867 1994.97253418 2005.08190918 2015.50415039 2027.2064209 2032.57592773 2042.39038086 2047.91687012
1641.72229004 1644.71374512 1650 1657.60400391 1664.07739258 1668.21154785 1674.44665527 1681.93920898 1688.12353516 1693.85144043 1700 1705.98132324 1715.26135254 1723.97473145 1728.26391602 1737.95983887 1740 1742.82861328 1748.54309082 1752.1496582 1755.19445801 1760 1769.6418457 1777.98022461 1794.37390137 1804.99645996 1820.2746582 1832.23681641 1835.64086914 1840.01013184 1842.16967773 1842.31994629 1853.29516602 1867.62097168 1880.18554688 1890 1897.57617188 1912.16784668 1924.00793457 1937.80737305 1949.85974121 1957.38342285 1967.29650879 1980.15661621 1992.27514648 2002.33764648 2007.8737793 2019.81945801 2025.35864258 2032.67285156 2037.95324707
1634.48193359 1638.15808105 1647.78979492 1654.42907715 1664.06652832 1668.28674316 1674.17675781 1680 1685.63305664 1694.40686035 1698.74328613 1705.52624512 1715.65124512 1723.4309082 1728.23291016 1732.08630371 1737.94836426 1739.96960449 1742.50500488 1748.21496582 1751.79211426 1760 1765.72192383 1778.1463623 1790.00830078 1802.41784668 1810.84863281 1820.11572266 1825.24194336 1825.03186035 1825.24157715 1827.53833008 1844.9152832 1859.70837402 1867.53125 1872.67834473 1882.54602051 1899.57324219 1909.98596191 1922.23913574 1934.82922363 1945.1854248 1964.74060059 1975.38244629 1982.60205078 1992.17102051 2000.35144043 2010.109375 2017.86523438 2024.6875 2025.02026367
1627.30358887 1635.25793457 1647.77355957 1655.11975098 1661.89038086 1666.54870605 1674.65136719 1680 1685.90979004 1691.89746094 1696.56213379 1705.68762207 1714.71276855 1721.44580078 1725.45227051 1730.97717285 1731.8470459 1737.61071777 1741.1541748 1744.81152344 1750 1760 1766.00805664 1774.99414062 1785.04516602 1796.15283203 1801.05505371 1809.66540527 1814.88439941 1815.45849609 1814.72619629 1817.74938965 1832.63464355 1849.75878906 1855.44873047 1862.28234863 1872.23449707 1887.51098633 1900.4888916 1910 1917.69824219 1937.27612305 1957.33203125 1965.16601562 1977.47155762 1980 1992.18041992 2002.49816895 2007.90136719 2010 2017.62963867
1624.39501953 1634.4901123 1647.63305664 1652.38769531 1659.45935059 1665.4362793 1674.39172363 1680 1683.2487793 1690 1695.41687012 1702.49438477 1712.65478516 1720.94628906 1721.72692871 1724.26733398 1727.62426758 1732.10546875 1740 1745.06970215 1751.71801758 1758.68920898 1768.24169922 1772.61242676 1781.4954834 1790.37304688 1792.70153809 1798.39306641 1805.10888672 1805.00402832 1805.11462402 1812.32580566 1824.78381348 1837.00378418 1847.46154785 1857.59680176 1865.04248047 1882.38769531 1892.55114746 1904.75085449 1915.24890137 1934.87390137 1944.80004883 1954.95471191 1962.47924805 1972.23071289 1982.47338867 1992.42236328 1994.95544434 1997.9185791 2014.68579102
1621.98535156 1628.27722168 1640.11791992 1647.80187988 1650 1664.44799805 1671.68493652 1677.62268066 1681.60192871 1684.62121582 1691.98840332 1697.88977051 1707.20446777 1715.30529785 1715.83105469 1718.27636719 1722.04833984 1725.44506836 1732.27758789 1739.85876465 1751.64453125 1758.08642578 1767.3614502 1770.33874512 1778.77062988 1784.4185791 1789.31005859 1792.43896484 1796.67712402 1798.68505859 1800 1804.68640137 1812.43774414 1822.30224609 1840.00378418 1851.97351074 1859.59790039 1872.20715332 1884.95471191 1897.78283691 1909.57592773 1917.38720703 1932.3067627 1942.44384766 1952.35803223 1960.03344727 1972.29003906 1984.34973145 1984.56091309 1995.01330566 2012.37304688
1618.1854248 1625.21899414 1635.89953613 1645.07543945 1652.20812988 1661.91723633 1668.2142334 1671.90405273 1675.46374512 1678.3190918 1685.27648926 1694.7902832 1702.12341309 1707.97253418 1711.40002441 1712.21252441 1715.29882812 1721.49475098 1727.0020752 1735.15942383 1744.72827148 1755.29956055 1762.42541504 1768.21716309 1772.11889648 1778.13513184 1782.53112793 1789.31958008 1791.94189453 1794.1295166 1796.65588379 1798.40026855 1807.57739258 1824.86328125 1830 1840 1854.98498535 1867.66894531 1874.78417969 1880 1894.78271484 1912.34838867 1922.54492188 1932.31872559 1942.22631836 1950.72473145 1959.80273438 1967.63037109 1977.35668945 1992.29248047 1997.81115723
1615.83630371 1625.23901367 1635.73278809 1645.74157715 1654.87304688 1661.16052246 1662.6940918 1667.97839355 1670 1675.59997559 1682.96374512 1691.98205566 1697.89147949 1702.33764648 1707.53088379 1708.37744141 1711.41027832 1717.65368652 1725.05212402 1735.20715332 1744.59729004 1754.64929199 1761.22229004 1763.97961426 1768.49194336 1772.6229248 1778.41674805 1782.22131348 1785.25390625 1788.10449219 1794.06896973 1802.38269043 1810 1815.15209961 1820 1832.50390625 1842.54992676 1855.05407715 1862.20251465 1874.85339355 1892.26379395 1900 1912.22631836 1925.14440918 1938.73449707 1942.43395996 1947.64428711 1955.03662109 1975.20288086 1984.96276855 1984.87255859
1615.91162109 1625.27185059 1635.32971191 1643.3885498 1651.84619141 1654.76403809 1657.75683594 1660 1664.82519531 1672.43896484 1678.05517578 1685.35290527 1691.67431641 1697.04736328 1699.6920166 1702.89733887 1708.03308105 1715.47961426 1724.95849609 1732.5390625 1740 1749.32226562 1755.18347168 1758.39245605 1765.6730957 1771.25476074 1772.37719727 1778.02453613 1780 1784.9720459 1794.94628906 1802.10437012 1808.24865723 1802.47888184 1812.12646484 1817.7923584 1825.09729004 1845.0411377 1852.33654785 1865.57861328 1880 1895.1315918 1910 1918.17370605 1927.75598145 1932.48730469 1937.62792969 1952.59289551 1965.11889648 1965.67797852 1972.22070312
1615.9831543 1627.75146484 1632.88012695 1640.02868652 1644.33972168 1646.00048828 1647.77685547 1651.76647949 1657.34899902 1662.48718262 1672.10546875 1677.7590332 1684.61975098 1690 1694.13623047 1699.42333984 1705.59570312 1714.43981934 1724.14489746 1728.52209473 1735.49609375 1744.88769531 1748.6854248 1754.9855957 1761.67163086 1766.80688477 1768.55773926 1772.24694824 1778.23791504 1785.02770996 1791.77539062 1794.5065918 1794.46972656 1797.09033203 1800.99731445 1811.94055176 1822.35949707 1832.16662598 1842.48571777 1857.53491211 1874.87194824 1892.64306641 1905.05493164 1907.74682617 1915.11132812 1922.49389648 1929.57385254 1935.14611816 1945.59191895 1957.44995117 1965.32019043
