docs/tutorials/t02/t02.dem
ncols 385
nrows 321
xllcenter 490398
yllcenter 4170140
cellsize 50
nodata_value -9999
[rows 161 to 183 of 321, columns 204 to 254 of 385]
2924.78149414 2905.33422852 2895.19189453 2884.78637695 2869.98339844 2845.30712891 2825.21606445 2803.35595703 2789.92773438 2765.16821289 2747.97314453 2727.85449219 2714.99707031 2697.76733398 2675.31469727 2660.27880859 2642.65087891 2615.18505859 2589.91601562 2574.65332031 2543.13134766 2527.63671875 2515.22949219 2507.63891602 2495.24047852 2484.69384766 2465.02270508 2445.6081543 2435.09277344 2424.92236328 2410.29467773 2390.21875 2370.75952148 2352.96899414 2326.109375 2307.38623047 2284.47509766 2256.0246582 2232.66259766 2205.24462891 2179.98022461 2150.17578125 2120.70800781 2102.70605469 2079.68383789 2052.82470703 2030.21704102 2017.87011719 2005.18469238 1999.10974121 1989.8572998
2923.23388672 2907.52319336 2894.80981445 2877.97338867 2864.83349609 2845.00439453 2824.97924805 2800.07299805 2780 2764.96948242 2745.12744141 2725.57128906 2709.82055664 2695.06713867 2674.88012695 2655.22924805 2635.21386719 2615.21484375 2595.20898438 2575.09936523 2547.43920898 2530.10424805 2515.18188477 2500.02856445 2485.20654297 2473.47949219 2459.84887695 2445.48217773 2429.83764648 2420.39257812 2405.04663086 2385.40087891 2364.89794922 2349.9387207 2325.22314453 2305.06640625 2284.02197266 2255.00537109 2227.85302734 2195.40527344 2172.35742188 2147.3815918 2112.81103516 2089.91992188 2070.34057617 2045.36035156 2024.95251465 2010.09240723 1998.08068848 1989.64196777 1979.44604492
2915.74829102 2907.89331055 2894.97119141 2875.59204102 2865.00610352 2845.0456543 2825.24780273 2807.1394043 2780.65966797 2760.54394531 2744.95605469 2725.15258789 2705.22900391 2687.82714844 2675.01708984 2656.92675781 2637.32958984 2615.38574219 2593.08813477 2577.30932617 2555.63354492 2534.92114258 2515.390625 2495.14208984 2480.16137695 2463.2109375 2450.43310547 2439.45678711 2420.73071289 2410.07495117 2400.00708008 2380.10717773 2362.96459961 2344.78491211 2320.81152344 2299.94091797 2273.09057617 2245.48730469 2222.12353516 2195.2565918 2165.22753906 2136.80297852 2112.52612305 2078.23828125 2052.80371094 2034.98950195 2017.42175293 2005.07910156 1990.77331543 1980.39135742 1972.26611328
2915.55200195 2905.2355957 2894.68945312 2873.77416992 2860.37182617 2840.28979492 2825.05297852 2805.04663086 2782.41357422 2762.73583984 2745.27392578 2728.03271484 2714.96850586 2695.01464844 2672.84814453 2654.99755859 2635.08081055 2617.58276367 2592.8996582 2575.14233398 2550.57958984 2534.99511719 2510.60229492 2494.93188477 2475.21606445 2455.2487793 2442.11914062 2430.30224609 2415.1472168 2399.34936523 2380.71240234 2372.48168945 2355.01025391 2330.9440918 2314.98657227 2292.93701172 2265.33349609 2235.12084961 2214.38110352 2180.0637207 2150.19897461 2127.48876953 2095.59375 2075.61132812 2044.86572266 2025.09033203 2009.67797852 1997.23583984 1980.6809082 1970.60644531 1960.3371582
2915.50146484 2904.86303711 2892.44335938 2875.43798828 2858.27026367 2835.28930664 2824.7734375 2802.84814453 2784.73095703 2764.8815918 2745.05883789 2725.12304688 2702.92749023 2685.11987305 2662.94189453 2645.26953125 2629.64550781 2610.52587891 2592.78637695 2577.82641602 2565.1081543 2540.22680664 2515.17626953 2495.29345703 2474.90795898 2455.20629883 2442.07641602 2424.99072266 2405.26928711 2385.17993164 2370.24584961 2359.9621582 2340.3815918 2325.52539062 2310.11035156 2280.33569336 2255.7253418 2223.08862305 2196.2421875 2165.59301758 2142.35961914 2114.94238281 2086.05688477 2060.21240234 2038.87133789 2020.27087402 1997.88330078 1980.39331055 1960.84533691 1954.78015137 1950.09716797
2912.73364258 2902.48095703 2887.04980469 2867.9753418 2855.17797852 2837.90942383 2822.50830078 2803.2980957 2785.1887207 2762.58642578 2744.88012695 2725.02514648 2700.32250977 2679.81713867 2660.17089844 2640.40112305 2624.94750977 2600 2587.33984375 2567.54467773 2550.50927734 2533.03564453 2510.53808594 2500.09936523 2472.67919922 2450.37890625 2432.78613281 2422.65844727 2405.07128906 2380.26171875 2360.25830078 2340.77636719 2325.40722656 2310.27270508 2285.95288086 2269.97045898 2240.18408203 2215.35009766 2180.51635742 2164.66552734 2125.99316406 2100.3046875 2070.93994141 2050.09570312 2025.89099121 2005.95324707 1985.61193848 1969.97912598 1950.6817627 1944.51806641 1939.56652832
2905.27514648 2890.46313477 2881.40625 2865.08862305 2849.82177734 2830.68554688 2819.5390625 2797.87231445 2779.49658203 2760.43603516 2744.82910156 2719.61743164 2695.17016602 2675.19897461 2654.86230469 2635.35473633 2624.78710938 2605.13647461 2585.01391602 2562.62963867 2540.46777344 2524.89599609 2502.82885742 2484.97119141 2465.05102539 2442.63598633 2423.13208008 2405.00976562 2387.38305664 2370.00170898 2345.23046875 2329.79638672 2312.65844727 2297.32275391 2272.53540039 2250.10644531 2228.00268555 2200.17919922 2173.7902832 2147.30981445 2117.3137207 2090.08056641 2058.57519531 2036.62731934 2010.2833252 1993.15759277 1969.7611084 1952.48022461 1940.05212402 1930.40270996 1929.33203125
2899.95288086 2884.99291992 2874.83007812 2855.56469727 2842.7824707 2825.12744141 2807.65551758 2793.00366211 2775.25683594 2755.19091797 2742.55932617 2715.01928711 2695.17553711 2672.69506836 2655.0378418 2635.30224609 2620.38549805 2605.21411133 2585.19702148 2569.55322266 2545.29956055 2525.09350586 2505.05786133 2477.77075195 2457.2043457 2434.8515625 2412.52954102 2395.03491211 2372.8449707 2347.6237793 2327.95800781 2310.38525391 2294.99438477 2272.91577148 2252.73901367 2229.9453125 2208.73168945 2189.82446289 2160.1184082 2125.35424805 2105.02026367 2075.15893555 2047.17102051 2020.10266113 2000.29370117 1980.41369629 1960.08276367 1944.94946289 1924.23461914 1917.76989746 1914.34814453
2895.07055664 2884.65625 2870.00415039 2854.90332031 2836.76318359 2819.67456055 2800.24511719 2785.19482422 2774.91259766 2754.96679688 2735.33300781 2715.34838867 2699.96533203 2682.55151367 2657.80712891 2642.42041016 2622.30371094 2603.13183594 2584.97314453 2567.84692383 2545.30078125 2525.79833984 2504.77416992 2478.31030273 2455.13745117 2432.98364258 2405.19067383 2378.16479492 2355.24487305 2330.43652344 2312.39941406 2292.73925781 2275.00439453 2259.79589844 2235.37182617 2212.86572266 2190.42089844 2168.24633789 2152.65429688 2119.78637695 2085.51000977 2052.89770508 2035.04016113 2012.19018555 1993.00317383 1970.19763184 1952.78601074 1935.03649902 1918.60571289 1908.23095703 1903.79919434
2892.41430664 2884.47875977 2860.57617188 2845.35620117 2825.31933594 2812.6105957 2800.32080078 2785.10351562 2770.13134766 2750.07397461 2730.36425781 2710.80053711 2695.12304688 2677.61865234 2655.14208984 2639.94677734 2620.32495117 2605.21972656 2587.75390625 2562.77270508 2547.07666016 2526.91650391 2492.81835938 2469.95947266 2450.02075195 2425.16088867 2399.95996094 2372.89331055 2339.9440918 2320.09936523 2292.86035156 2277.8125 2260.39013672 2237.45458984 2219.79150391 2188.66821289 2172.79858398 2150.13549805 2130.38720703 2107.55126953 2082.26953125 2046.01208496 2022.38769531 2002.30651855 1982.46362305 1960.56066895 1944.80859375 1929.93371582 1915.13024902 1906.74963379 1894.96069336
2885.41650391 2872.64038086 2855.44189453 2839.73852539 2820.11425781 2802.52368164 2794.75952148 2777.35449219 2760.30566406 2744.91699219 2722.53540039 2705.18798828 2690.05078125 2675.01147461 2657.3425293 2635.30810547 2615.34570312 2595.22485352 2577.67431641 2552.87597656 2530.16259766 2512.50927734 2487.54394531 2460.08813477 2440.23608398 2409.04956055 2385.09448242 2358.4699707 2333.08032227 2300.4753418 2279.93652344 2254.98022461 2238.36767578 2220.04125977 2193.04907227 2170.18896484 2150.31225586 2132.23583984 2110.17700195 2100.03100586 2069.9362793 2043.31848145 2016.90844727 1995.05236816 1976.84631348 1955.28479004 1942.01635742 1925.19787598 1909.12243652 1892.40197754 1882.62866211
2880.90209961 2865.59106445 2850.19921875 2834.97387695 2815.14331055 2795.3815918 2784.91040039 2770.58154297 2747.7565918 2737.30932617 2715.62963867 2702.86547852 2684.81811523 2667.97387695 2654.96630859 2635.33984375 2614.93017578 2595.14941406 2575.046875 2550.3293457 2524.84130859 2495.2355957 2479.75048828 2450.10693359 2427.65478516 2402.54833984 2375.48266602 2352.2565918 2322.7565918 2293.23242188 2268.60913086 2245.42822266 2217.68066406 2200.10644531 2179.79492188 2145.62231445 2129.8894043 2109.65991211 2085.80541992 2075.30175781 2059.76660156 2030.97143555 2014.48828125 1985.4173584 1971.19616699 1955.12902832 1947.55541992 1930.4630127 1902.83618164 1884.92578125 1872.50915527
2875.93603516 2867.81347656 2855.10375977 2839.39697266 2819.82470703 2798.29736328 2784.83862305 2765.2121582 2745.51318359 2730.20922852 2714.89916992 2694.73730469 2680.02124023 2665.36645508 2654.98535156 2634.90356445 2612.6418457 2592.27050781 2565.76586914 2540.42504883 2512.69335938 2484.98681641 2455.11865234 2430.23193359 2412.77441406 2385.18920898 2365.53125 2337.65332031 2310.54589844 2287.80200195 2255.35253906 2233.21044922 2205.45629883 2180.11645508 2155.45410156 2133.2890625 2108.54516602 2090.0402832 2075.18701172 2052.43823242 2027.96582031 2020.2713623 1992.96704102 1971.02685547 1957.64782715 1952.15429688 1940.30908203 1924.98120117 1903.0411377 1875.17492676 1860.36108398
2875.23706055 2864.97705078 2854.67602539 2835.08374023 2820.20629883 2802.40283203 2778.06079102 2762.81030273 2745.07470703 2727.24047852 2707.45410156 2692.10400391 2674.97802734 2664.76904297 2652.2512207 2630.92211914 2605.08007812 2582.63085938 2552.21362305 2520.41333008 2492.30151367 2462.62963867 2437.63964844 2410.15405273 2390.07568359 2367.85058594 2347.90405273 2330.0546875 2304.35595703 2276.63891602 2242.86279297 2218.33129883 2190.27270508 2164.68457031 2137.39086914 2112.84667969 2092.9465332 2079.9597168 2055.22583008 2037.38830566 2015.64562988 2000.08349609 1981.00268555 1960.40222168 1945.00952148 1935.00146484 1932.56958008 1910.11181641 1887.10229492 1870.12963867 1851.01379395
2874.90917969 2864.6640625 2854.64453125 2840.42333984 2819.98535156 2795.37255859 2775.17993164 2754.88452148 2732.64697266 2717.64599609 2700.92797852 2684.97998047 2672.35351562 2657.86108398 2645.16162109 2625.02758789 2597.4128418 2564.88476562 2530.16186523 2500.31201172 2472.8840332 2440.42529297 2420.01538086 2392.59057617 2370.09912109 2347.72509766 2327.52587891 2312.35571289 2290.17895508 2265.13647461 2235.0559082 2212.74194336 2182.71948242 2154.90234375 2130.10644531 2104.8046875 2087.07104492 2064.31860352 2047.82519531 2022.67932129 2012.32177734 1989.78808594 1968.0892334 1948.40087891 1923.88134766 1915.17468262 1906.09716797 1892.17272949 1874.87597656 1860.04138184 1842.87158203
2872.26879883 2864.93212891 2854.6574707 2844.95996094 2829.82739258 2807.57470703 2779.95849609 2754.93359375 2730 2707.90576172 2695.41625977 2680.19848633 2664.98120117 2657.59619141 2643.29101562 2625.06152344 2587.68945312 2558.78588867 2517.44189453 2485.22192383 2460.08666992 2427.44189453 2400.17773438 2372.75292969 2347.58374023 2327.45947266 2310.10131836 2290.50561523 2270.31884766 2254.89697266 2228.19628906 2202.35986328 2175.06640625 2145.40991211 2115.77661133 2095.65893555 2075.21020508 2052.67626953 2032.83825684 2013.58154297 1998.33605957 1975.10791016 1950.65966797 1930.80249023 1915.22192383 1900.71972656 1887.63500977 1871.09069824 1860.71716309 1845.36694336 1837.23352051
2867.45556641 2859.95996094 2852.12719727 2844.77490234 2829.69873047 2805.17260742 2787.32983398 2759.99633789 2735.04125977 2705.90136719 2690.32421875 2675.27587891 2665.0949707 2649.40820312 2635.4362793 2622.39599609 2587.83789062 2549.92456055 2507.73852539 2470.05786133 2442.83007812 2410.55200195 2392.09326172 2357.34130859 2332.31982422 2314.93823242 2294.37304688 2269.92016602 2259.50561523 2244.06860352 2215.64794922 2192 2167.57836914 2135.42895508 2114.58056641 2083.58886719 2069.58813477 2040.11474609 2020.4453125 2004.89990234 1984.87121582 1965.35986328 1947.66162109 1923.39575195 1910.46606445 1890.63647461 1879.44750977 1865.09729004 1850.71691895 1840.54016113 1830
2860.15991211 2850.17407227 2842.78344727 2831.34448242 2824.83349609 2802.91918945 2785.14526367 2757.70092773 2725.09814453 2705.0378418 2687.39501953 2670.31396484 2657.57739258 2644.91918945 2620.37890625 2607.54907227 2587.39916992 2540.07177734 2487.7746582 2460.19165039 2430.00463867 2400.12988281 2370.73535156 2341.43676758 2317.29296875 2295.25073242 2270.50317383 2250.55200195 2240.15991211 2220.140625 2200.67602539 2182.9309082 2162.39453125 2135.11743164 2107.80175781 2076.15063477 2055.28393555 2034.75732422 2015.04736328 1999.96386719 1977.72143555 1962.60437012 1937.49462891 1919.57458496 1904.5078125 1885.42272949 1875.10070801 1862.72961426 1845.87585449 1835.87207031 1829.53088379
2850.95751953 2841.22631836 2834.64355469 2828.36669922 2823.95092773 2812.66723633 2789.8137207 2757.67797852 2722.81518555 2704.92456055 2680.07519531 2659.8918457 2641.99731445 2616.82177734 2592.8581543 2582.40771484 2560.13452148 2520 2487.58862305 2447.58911133 2412.79882812 2387.60717773 2352.87792969 2325.18823242 2300.33813477 2280.06396484 2264.99511719 2242.81298828 2227.10375977 2205.67871094 2189.984375 2170.2487793 2150.48144531 2130.03198242 2100.23413086 2073.20361328 2050.15893555 2029.56494141 2010.12597656 1988.24914551 1970.4888916 1957.71032715 1939.89050293 1922.98474121 1907.07543945 1885.20141602 1875.13244629 1858.51623535 1845.54003906 1836.06884766 1830
2845.64160156 2840 2833.96386719 2825.67553711 2819.34814453 2812.79370117 2790.27636719 2757.93115234 2725.35986328 2692.484375 2660.39916992 2640.13671875 2610.15161133 2587.46240234 2562.67260742 2547.41137695 2550.01586914 2505.20800781 2459.97216797 2440.19702148 2405.27856445 2375.12060547 2332.82739258 2314.92089844 2294.58300781 2267.44311523 2250.43408203 2230.49194336 2210.35498047 2188.2878418 2169.97973633 2157.36621094 2139.94238281 2119.55688477 2089.71850586 2068.37719727 2045.18969727 2022.9354248 2005.16015625 1985.61730957 1967.26867676 1949.73620605 1934.99890137 1920.39807129 1907.3527832 1887.92822266 1875.18054199 1855.5859375 1845.4263916 1835.7277832 1830
2846.37353516 2841.80639648 2834.56420898 2825.43920898 2815.19360352 2805.25073242 2772.80371094 2742.65600586 2707.70678711 2680.02783203 2650.17602539 2620.09741211 2595.33789062 2562.76855469 2538.390625 2515.11987305 2495.15869141 2499.94140625 2462.64941406 2422.46166992 2385.01171875 2352.48950195 2322.45922852 2302.46533203 2273.17944336 2257.41064453 2235.73706055 2219.60986328 2202.6628418 2177.87792969 2157.46191406 2130.17285156 2120.18725586 2100.8347168 2080.01806641 2062.07983398 2040.11425781 2022.72399902 2004.90429688 1982.640625 1960.32226562 1945.07373047 1929.8918457 1914.70654297 1900.11608887 1885.13867188 1867.5513916 1854.89794922 1842.37011719 1835.15625 1829.29553223
2846.80517578 2842.08862305 2835.16748047 2825.42211914 2815.03027344 2792.60327148 2767.45483398 2734.95922852 2695.12109375 2662.48925781 2632.85083008 2605.21826172 2577.36743164 2552.50878906 2522.38964844 2495.39306641 2475 2464.96191406 2440.27905273 2425.17700195 2394.97216797 2350.11669922 2314.85620117 2289.91967773 2265.10766602 2243.18212891 2222.29174805 2199.13671875 2185.86767578 2173.27880859 2149.98681641 2125.74682617 2107.38134766 2084.81079102 2067.3659668 2044.82177734 2027.52685547 2013.34533691 1996.78479004 1979.83557129 1960.19934082 1944.71533203 1925.26123047 1907.41455078 1894.88452148 1884.45922852 1865.76867676 1855.24060059 1842.57263184 1834.48815918 1830
2845.29248047 2838.00268555 2832.00683594 2819.96362305 2800.42236328 2789.73925781 2767.46459961 2735.02978516 2692.55322266 2657.75366211 2625.12304688 2597.51123047 2568.97631836 2537.53515625 2515.10839844 2490.16503906 2467.72631836 2445.00366211 2420.09912109 2400.28344727 2402.54589844 2358.38330078 2310.640625 2277.90136719 2255.32470703 2234.85253906 2207.36938477 2183.33789062 2169.65991211 2155.23486328 2149.73901367 2129.69799805 2107.29711914 2085.01464844 2062.84594727 2044.96105957 2025.27307129 2007.74462891 1995.16918945 1980.07739258 1962.47705078 1945.0670166 1924.78540039 1909.7512207 1894.98608398 1885.07250977 1873.39379883 1862.17932129 1847.58215332 1841.91442871 1835.65869141
