docs/tutorials/t02/t02.dem
ncols 385
nrows 321
xllcenter 490398
yllcenter 4170140
cellsize 50
nodata_value -9999
[rows 253 to 275 of 321, columns 204 to 254 of 385]
2069.76953125 2074.91235352 2065.07275391 2072.47387695 2080.40722656 2088.20507812 2085.46484375 2087.49658203 2075.28393555 2064.9921875 2072.51269531 2073.36474609 2079.27490234 2084.64941406 2090.51904297 2090.59179688 2085.09228516 2082.36401367 2079.72558594 2060.60742188 2050.78222656 2051.86352539 2052.33764648 2052.44970703 2047.05969238 2047.11425781 2045.32324219 2042.81103516 2030.3795166 2020.11425781 2012.79821777 2012.05371094 2012.49719238 2013.03686523 2010.6295166 2000.0213623 1989.90856934 1984.1171875 1984.52600098 1984.74853516 1980.06628418 1975.72216797 1972.63415527 1965.02490234 1950.28381348 1930.21716309 1916.89001465 1879.64807129 1842.91064453 1825.03137207 1823.03674316
2054.82104492 2051.97143555 2047.70422363 2055.01416016 2060.21948242 2067.52441406 2068.16894531 2070.00463867 2049.71606445 2045.13647461 2049.92407227 2042.96411133 2050.25952148 2062.73901367 2065.29467773 2058.92358398 2059.35693359 2053.04199219 2054.33007812 2045.24804688 2040.26794434 2029.94433594 2022.1373291 2025.00720215 2030.59863281 2025.35766602 2028.0880127 2032.91271973 2019.95898438 2000.4119873 1992.66271973 1993.80273438 1987.71142578 1986.05358887 1985.56188965 1984.90808105 1980.71520996 1976.17102051 1975.36169434 1975.08776855 1972.58996582 1970 1965.19018555 1955.20495605 1939.81213379 1917.69909668 1895.20410156 1875.12475586 1852.4453125 1815.21484375 1792.66235352
2035.1439209 2030.10620117 2032.62072754 2044.83984375 2057.41918945 2050.23657227 2045.61657715 2048.20043945 2030.13476562 2023.2578125 2020.9921875 2014.74377441 2022.87463379 2037.95568848 2043.04260254 2040.72583008 2035.08813477 2034.9239502 2031.31933594 2028.83630371 2022.94628906 2015.75866699 1997.66394043 1995.15002441 2012.01611328 2014.35705566 2007.81762695 2012.11914062 2002.00793457 1980.4230957 1970.36767578 1962.94897461 1954.83740234 1955.15966797 1962.26867676 1964.77807617 1969.38598633 1971.7109375 1969.5378418 1965.38024902 1965.75732422 1962.48291016 1950.2545166 1940.17004395 1925.20922852 1905.13110352 1885.0904541 1865.53771973 1855.00488281 1823.08837891 1790.36193848
2015.03540039 2014.7565918 2022.61181641 2052.48242188 2054.95166016 2047.92431641 2037.42993164 2032.55456543 2017.32116699 2005.08911133 1997.52954102 1992.27526855 2007.74108887 2017.59802246 2024.86584473 2022.89318848 2017.46984863 2015.23693848 2014.95581055 2015.46618652 2010.24072266 1997.88574219 1992.66503906 1978.10644531 1984.85998535 1990.61218262 1985.45703125 1987.7956543 1985.16772461 1969.82141113 1950.20751953 1945.14025879 1937.48388672 1935.04785156 1940.64367676 1952.39318848 1961.94995117 1964.54309082 1962.13037109 1958.17944336 1955.52453613 1948.296875 1930.61279297 1920.17675781 1908.5098877 1892.6751709 1874.90930176 1847.52709961 1825.21289062 1817.46716309 1805.15161133
1999.98217773 1995.49121094 2014.86083984 2034.80627441 2040 2037.83874512 2028.10778809 2024.81799316 2007.76159668 1990.57019043 1977.35681152 1973.05041504 1992.48181152 2000.04528809 2003.0032959 2002.86340332 1992.6282959 1997.08752441 1997.0246582 1995.23278809 1995.26318359 1990.24414062 1980.49572754 1970.48571777 1972.52050781 1979.83642578 1974.97180176 1969.54284668 1969.31506348 1954.55773926 1935.03759766 1930.60107422 1921.38134766 1920.14978027 1925.1427002 1936.5826416 1942.49291992 1942.22546387 1942.56066895 1942.61645508 1943.00817871 1929.88879395 1910.43945312 1902.62475586 1890.2878418 1880.26855469 1865.01257324 1830.43212891 1814.99987793 1804.9675293 1790
1990 1992.4465332 2012.16699219 2033.02062988 2047.49719238 2037.55432129 2014.69616699 2012.59924316 1998.40661621 1975.28356934 1958.05541992 1955.0925293 1967.48791504 1978.20593262 1982.29748535 1982.47314453 1977.34814453 1972.97790527 1975.05725098 1975.13024902 1970.93444824 1965.38891602 1964.8692627 1960.1706543 1955.33496094 1958.00939941 1953.47998047 1952.62817383 1944.98425293 1934.95324707 1924.9979248 1916.72814941 1910.50866699 1905.52197266 1897.9810791 1903.11108398 1917.69091797 1922.58288574 1924.93615723 1920.85253906 1913.02294922 1905.24279785 1891.51989746 1872.82250977 1872.76464844 1865.20324707 1854.94750977 1825.70556641 1802.52844238 1787.46630859 1777.78552246
1992.22460938 2002.07824707 2012.82470703 2035.88500977 2037.84423828 2029.77331543 2002.44396973 1992.9564209 1980.12890625 1959.11169434 1943.21655273 1935.2545166 1939.95227051 1955.34179688 1954.89379883 1955.20703125 1957.40039062 1955.22399902 1955.21728516 1957.69702148 1957.65661621 1952.48669434 1947.62927246 1943.29187012 1935.00769043 1934.82666016 1935.09753418 1935.04992676 1929.77075195 1920.05908203 1910.29589844 1900.46289062 1895.18334961 1890.14440918 1880.61254883 1877.99511719 1884.51989746 1897.0925293 1899.99536133 1895.05529785 1889.84851074 1879.95935059 1865.12695312 1850.14819336 1847.46850586 1840.37255859 1830.36181641 1810.49072266 1789.94396973 1777.38891602 1767.26281738
1990 1992.37915039 2000.07177734 2012.95361328 2008.59863281 2002.41491699 1985.17150879 1975.07775879 1959.6505127 1940.00476074 1929.70654297 1917.29797363 1925.38317871 1934.96289062 1935.04980469 1937.53149414 1937.3338623 1940.2479248 1940.2388916 1947.33837891 1950 1937.74267578 1932.6973877 1925.25598145 1920.33166504 1919.60192871 1920.0123291 1917.41455078 1910.81860352 1902.53271484 1896.75280762 1889.85498047 1880.38574219 1870.51257324 1860.77734375 1860.01538086 1865.36706543 1875.09399414 1877.65136719 1867.57141113 1865.00415039 1859.79553223 1842.6105957 1830.11401367 1819.00244141 1815.13232422 1807.78955078 1800.00463867 1782.30895996 1765.14050293 1750.46875
1987.37475586 1990 1992.16845703 1988.91638184 1988.24267578 1984.90539551 1969.96899414 1955.11071777 1939.77514648 1920.09216309 1903.42077637 1910.13012695 1915.27478027 1915.06811523 1912.7322998 1915.43725586 1917.55212402 1925.17358398 1925.13464355 1932.37597656 1934.81188965 1925.37597656 1917.30908203 1909.9576416 1902.63647461 1902.48364258 1907.71679688 1902.74169922 1892.8651123 1885.08850098 1879.96374512 1870.31799316 1860.44482422 1855.05249023 1850.10766602 1845.19702148 1849.82775879 1854.93798828 1852.65307617 1840.06958008 1835.1550293 1835.06848145 1820.09790039 1807.75695801 1794.95373535 1787.29699707 1780.00549316 1767.61633301 1762.73132324 1755.0982666 1737.88952637
1975.34509277 1977.51159668 1982.82275391 1977.84521484 1975.60949707 1965.20031738 1950 1935.24963379 1917.85180664 1905.43457031 1890.11975098 1897.6385498 1902.20568848 1899.55163574 1895.01867676 1899.3182373 1898.06140137 1902.94909668 1914.89013672 1917.35705566 1913.4822998 1910.45031738 1900.4876709 1895.26538086 1890.37316895 1887.3807373 1895.62353516 1890.27294922 1880.32373047 1870.57800293 1865.17785645 1859.59802246 1847.48449707 1840.03466797 1834.88916016 1834.80969238 1835.03039551 1841.71777344 1832.75341797 1825.07836914 1819.82446289 1817.17126465 1800.20068359 1790.50939941 1780.17297363 1767.42822266 1750.42919922 1744.58239746 1739.79919434 1735.12280273 1732.69506836
1965.34521484 1966.70410156 1964.98742676 1965.09387207 1970.09716797 1950.2722168 1930.92358398 1918.20703125 1900.58496094 1888.70581055 1874.89538574 1879.37121582 1877.41943359 1875.13500977 1875.13537598 1880.47387695 1884.6628418 1885.1295166 1889.7611084 1895.10778809 1895.06958008 1890.49206543 1885.15686035 1884.82446289 1875.08349609 1865.45068359 1873.13146973 1875.35107422 1869.97009277 1859.80505371 1850.08154297 1840.41394043 1832.63330078 1824.89746094 1822.14538574 1822.15905762 1815.30773926 1822.54553223 1824.99438477 1817.59985352 1805.01257324 1797.35339355 1789.54919434 1774.76489258 1765.05480957 1750.44519043 1739.73925781 1720.37060547 1705.16870117 1719.70898438 1719.84667969
1960 1954.71203613 1954.40185547 1948.01428223 1950 1935.81286621 1918.0715332 1900.5435791 1889.71081543 1875.19897461 1865.17285156 1857.69335938 1855.3572998 1854.92382812 1855.17944336 1860.34399414 1865.0513916 1867.3190918 1875.30224609 1875.30773926 1874.82873535 1870.72802734 1865.1385498 1864.92333984 1865.04077148 1854.83959961 1854.95898438 1857.74267578 1847.46826172 1842.61010742 1837.38891602 1830.06176758 1824.97302246 1810.29467773 1804.96728516 1804.96411133 1802.24951172 1814.98803711 1817.44396973 1815.15063477 1795.01281738 1780.09790039 1767.51342773 1750.02478027 1740.52819824 1730.0670166 1720.14208984 1707.68933105 1694.84619141 1694.94458008 1695.21899414
1965.20532227 1947.86682129 1941.23425293 1937.70092773 1933.69445801 1921.74743652 1909.42626953 1890.77893066 1877.7512207 1867.5489502 1859.49829102 1847.68005371 1845.20178223 1844.73876953 1844.81652832 1844.93920898 1845.24609375 1849.95983887 1854.78479004 1855.18322754 1855.19787598 1850.89538574 1845.19604492 1845.33557129 1845.30395508 1840.21496582 1835.24987793 1835.24682617 1827.59680176 1822.77404785 1815.30895996 1805.46203613 1805.56030273 1795.17224121 1789.7479248 1785.0949707 1782.23974609 1794.6706543 1797.54943848 1792.97558594 1774.98022461 1757.7064209 1750.39172363 1734.47119141 1722.57543945 1708.96643066 1704.84594727 1690.56005859 1677.84973145 1676.91394043 1675.25
1972.50646973 1945.29467773 1937.47875977 1929.48034668 1919.78393555 1905.29492188 1889.97460938 1880.39465332 1870.48657227 1860.29309082 1848.18151855 1842.3190918 1834.75683594 1830.93640137 1828.24951172 1832.05334473 1834.23364258 1834.9362793 1834.85168457 1835.18469238 1835.19128418 1834.99987793 1825.73669434 1825.48620605 1827.20178223 1824.83972168 1819.68310547 1819.98535156 1814.90112305 1804.86877441 1797.59545898 1795.06616211 1787.53271484 1779.88342285 1770.6159668 1765.61547852 1762.51745605 1767.5871582 1775.04431152 1767.72473145 1750.39221191 1735.15673828 1725.38769531 1715.92321777 1702.53894043 1690.31848145 1686.77062988 1677.57763672 1667.63391113 1659.9005127 1657.65026855
1965.29577637 1940.21044922 1929.92956543 1918.22216797 1905.24902344 1895.27758789 1880.73034668 1874.72351074 1862.37768555 1851.17236328 1844.82336426 1831.70043945 1827.71948242 1824.35192871 1821.49645996 1817.67077637 1822.6015625 1822.73095703 1824.70385742 1824.81115723 1820.78100586 1820.25634766 1810.95593262 1814.8034668 1810.74572754 1807.09521484 1805.00305176 1804.9161377 1797.66333008 1789.74291992 1780.37133789 1777.84887695 1772.39819336 1767.47229004 1759.70947266 1754.69787598 1742.75048828 1738.59741211 1744.70080566 1749.55957031 1728.00720215 1717.87597656 1712.79846191 1702.29589844 1689.94189453 1675.08654785 1670.11669922 1660.7376709 1656.78173828 1645.89599609 1644.80541992
1952.59472656 1932.52514648 1914.94763184 1900.51086426 1890.4486084 1884.79406738 1870.96032715 1864.83093262 1850.75305176 1842.70227051 1838.76062012 1827.80114746 1820.09765625 1810.54516602 1805.20275879 1804.86901855 1805.1484375 1807.23022461 1805.16784668 1809.92724609 1805.55712891 1803.80236816 1800.02050781 1799.14953613 1795.27832031 1795.33288574 1787.54602051 1790.60314941 1784.96337891 1782.23608398 1770.7109375 1765.34606934 1764.91455078 1759.11572266 1749.85656738 1735.22827148 1730.32702637 1720.47888184 1722.74731445 1726.64123535 1719.94543457 1699.9798584 1687.65002441 1684.9284668 1674.77893066 1660.35766602 1654.96032715 1652.02172852 1640.50512695 1632.70593262 1625.43103027
1930.0546875 1919.9407959 1901.9888916 1890.74475098 1879.99450684 1872.44226074 1860.23059082 1850.32922363 1837.88110352 1832.69433594 1825.0567627 1820.22265625 1810.84375 1803.62023926 1795.30175781 1794.26501465 1794.57592773 1794.67126465 1785.41125488 1790.51855469 1795.02233887 1790.46777344 1785.38977051 1785.51867676 1785.00012207 1784.73205566 1782.16369629 1772.34423828 1774.70666504 1770.55957031 1762.55908203 1757.78088379 1754.44274902 1749.06945801 1735.09521484 1720.61193848 1715.29333496 1709.69384766 1707.42883301 1705.06347656 1702.37536621 1687.46179199 1677.42431641 1669.96130371 1659.92346191 1647.58825684 1644.80041504 1639.91467285 1632.26647949 1624.50549316 1615.09924316
1909.72290039 1897.30078125 1890.36071777 1882.33776855 1868.20800781 1855.18347168 1840.63867188 1833.7668457 1826.05895996 1825.10961914 1817.96020508 1814.36291504 1806.76660156 1799.45788574 1789.34533691 1780 1782.18322754 1778.11462402 1774.8918457 1775.21948242 1777.21813965 1776.86083984 1774.46533203 1775.45056152 1774.92944336 1774.53137207 1770.08789062 1764.85705566 1763.35498047 1757.87097168 1755.35205078 1746.48400879 1735.37939453 1730.69421387 1725.42736816 1712.81384277 1702.65783691 1694.88806152 1689.78527832 1685.29748535 1684.80615234 1670.56616211 1664.93383789 1659.57067871 1647.73242188 1637.70214844 1632.42504883 1624.52575684 1620.28857422 1613.73547363 1604.68200684
1894.27514648 1885.31066895 1882.1060791 1872.37634277 1857.61621094 1845.19799805 1834.84912109 1822.51867676 1819.89331055 1817.3848877 1812.08654785 1808.10058594 1799.58398438 1789.96936035 1782.3482666 1774.7956543 1767.42675781 1763.96496582 1762.28979492 1765.00683594 1767.88220215 1768.32543945 1765.55053711 1765.18395996 1762.80163574 1760.51086426 1757.08825684 1752.34558105 1752.26538086 1749.05895996 1742.43347168 1737.4576416 1724.8482666 1722.34973145 1717.77038574 1704.96948242 1689.90332031 1677.96313477 1675.31738281 1674.7232666 1668.03479004 1660.04174805 1652.27087402 1642.56286621 1637.63842773 1629.9375 1617.91589355 1613.08618164 1609.75073242 1605.77636719 1599.66479492
1887.11828613 1869.49938965 1862.35046387 1857.56726074 1847.84851074 1837.49890137 1825.63574219 1817.97900391 1811.90551758 1805.22167969 1800 1800.47399902 1792.88867188 1782.65795898 1772.31445312 1767.38024902 1759.96386719 1752.38195801 1750.02758789 1746.76550293 1750.03283691 1752.49951172 1747.12976074 1755.04052734 1752.14990234 1745.38439941 1745.04870605 1738.04772949 1737.57495117 1727.40563965 1724.81188965 1715.07299805 1710.45678711 1707.99987793 1705.17749023 1699.31494141 1682.29870605 1672.21276855 1667.71618652 1662.01660156 1659.55407715 1647.63366699 1642.39685059 1632.40393066 1622.50708008 1620 1612.16052246 1603.19750977 1602.41235352 1601.66870117 1595.03967285
1887.93530273 1857.78320312 1852.50488281 1843.71582031 1839.73352051 1829.9362793 1818.25415039 1815.28295898 1807.60949707 1801.89709473 1797.33862305 1794.33251953 1789.04003906 1777.51330566 1768.22729492 1761.77233887 1752.45703125 1747.68493652 1742.17468262 1738.40893555 1735.42712402 1735.02404785 1734.95471191 1741.2791748 1740.04162598 1734.77270508 1730.29858398 1724.81848145 1719.82641602 1714.89538574 1709.36450195 1697.84936523 1702.28991699 1700 1692.42687988 1683.00268555 1670.21838379 1664.76513672 1659.97631836 1652.60925293 1647.57470703 1637.81335449 1632.34289551 1627.69299316 1614.98535156 1602.57519531 1597.90600586 1592.35778809 1592.45532227 1587.82653809 1588.06188965
1885.14587402 1857.69348145 1839.83032227 1830.83618164 1825.078125 1819.85192871 1810.88232422 1805.58361816 1802.37036133 1794.68444824 1791.67138672 1784.55957031 1778.28820801 1772.39978027 1765.30871582 1758.23718262 1750 1740 1738.34216309 1733.98742676 1730 1727.59912109 1725.30895996 1724.2869873 1724.39611816 1720.25134277 1714.80078125 1715.02478027 1704.92443848 1700.13439941 1692.42297363 1685.24926758 1685.1809082 1685.28808594 1678.06518555 1672.47546387 1657.72888184 1647.93920898 1647.67883301 1644.93017578 1642.31994629 1629.99401855 1622.23461914 1615.30725098 1607.55187988 1597.74914551 1588.18994141 1582.57849121 1577.7043457 1575.26538086 1574.53369141
1877.51281738 1853.31555176 1832.84973145 1822.22631836 1817.51965332 1807.65319824 1802.41845703 1801.59094238 1792.24829102 1788.08178711 1782.2644043 1779.0723877 1772.38671875 1770 1762.09020996 1755.16101074 1748.1229248 1740 1735.61376953 1731.40039062 1727.95947266 1722.08569336 1718.09643555 1715.40905762 1714.76843262 1707.6973877 1702.26660156 1694.90869141 1690 1684.89111328 1680.12097168 1674.9387207 1674.75646973 1675.35986328 1672.01428223 1662.68164062 1653.4017334 1642.20385742 1637.96801758 1634.63366699 1632.18066406 1619.68029785 1607.80627441 1604.96337891 1594.84216309 1587.94445801 1582.53674316 1577.7355957 1570.16516113 1564.66125488 1560
