docs/tutorials/t02/t02.dem
ncols 385
nrows 321
xllcenter 490398
yllcenter 4170140
cellsize 50
nodata_value -9999
[rows 161 to 183 of 321, columns 0 to 50 of 385]
1314.90466309 1332.93054199 1306.98913574 1324.03051758 1306.99841309 1308.02368164 1377.7487793 1376.79553223 1307.27368164 1342.48168945 1317.19433594 1300 1300 1305.00549316 1312.40869141 1317.9987793 1324.02441406 1328.45336914 1332.01953125 1340 1344.75842285 1348.77062988 1350 1352.01501465 1357.97277832 1364.25524902 1368.39904785 1370 1377.81604004 1380 1384.38464355 1388.60827637 1390 1395.35375977 1406.67346191 1421.80773926 1427.45727539 1435.23962402 1445.37841797 1454.84802246 1464.89672852 1474.4041748 1480 1485.63513184 1497.52612305 1502.17285156 1509.7322998 1515.8927002 1530 1544.27587891 1550.5534668
1314.89685059 1335.90283203 1307.49926758 1355.94604492 1378.54602051 1400.49682617 1400.79101562 1354.78503418 1306.74267578 1332.63696289 1307.60351562 1300 1300 1303.87817383 1308.14819336 1314.88916016 1321.2598877 1325.23730469 1332.30175781 1340 1342.24291992 1348.04443359 1350 1351.88000488 1356.38793945 1361.57873535 1364.03613281 1368.8203125 1375.77001953 1380 1384.27124023 1388.82617188 1390 1392.25720215 1403.47851562 1415.79101562 1422.1081543 1430 1442.42895508 1454.72094727 1462.15136719 1472.07373047 1480 1482.6348877 1488.53466797 1497.8494873 1502.96582031 1515.12719727 1527.67553711 1542.21325684 1552.22753906
1309.61779785 1330.24694824 1317.26159668 1307.75500488 1400.49560547 1356.35522461 1330.8170166 1307.01098633 1325.70703125 1325.21936035 1302.71044922 1300 1300 1303.55957031 1308.43591309 1313.60778809 1318.51696777 1324.83312988 1332.27807617 1337.34875488 1340 1344.30810547 1348.69335938 1351.4140625 1353.31921387 1358.41296387 1358.78137207 1365.32446289 1372.47814941 1380 1381.57971191 1385.62915039 1388.79150391 1390 1394.93457031 1409.3013916 1421.86669922 1427.82849121 1438.18078613 1451.9888916 1454.96875 1462.16931152 1471.98596191 1481.47106934 1487.07592773 1492.15576172 1501.78833008 1510.61828613 1522.22729492 1535.15942383 1545.05151367
1295.38574219 1315.78210449 1330.18249512 1327.5579834 1316.75170898 1315.73620605 1314.09631348 1343.1796875 1325.89465332 1310.0925293 1300 1300 1300 1304.14282227 1308.4354248 1311.67248535 1318.75061035 1322.62536621 1330 1334.8458252 1340 1342.0300293 1348.06091309 1349.21850586 1351.45019531 1352.19934082 1354.70703125 1365.00915527 1370 1378.13415527 1380.90588379 1381.99023438 1387.90356445 1392.1472168 1401.48059082 1405.49511719 1420 1425.41772461 1434.86657715 1442.29333496 1447.66235352 1454.77087402 1465.11486816 1480 1484.59082031 1488.86694336 1501.65991211 1505.7052002 1517.88012695 1527.96960449 1539.18884277
1277.21289062 1297.69042969 1307.7512207 1329.80578613 1335.68591309 1336.46630859 1329.05773926 1317.70861816 1310.08361816 1297.84277344 1294.42700195 1297.8260498 1298.99108887 1300 1307.0982666 1310 1317.9987793 1320 1330 1332.06408691 1337.7845459 1340.98449707 1344.81420898 1348.76147461 1350 1350 1350 1364.01416016 1368.27612305 1371.91955566 1377.99230957 1381.52709961 1382.7130127 1395.07397461 1401.7109375 1406.08496094 1414.73632812 1424.59899902 1433.82067871 1440 1444.91137695 1454.64538574 1465.01953125 1480 1482.234375 1488.25366211 1499.08666992 1505.47583008 1515.71618652 1525.25085449 1534.29943848
1255.25341797 1272.26660156 1286.78405762 1301.93286133 1303.09924316 1303.18383789 1297.70166016 1293.04846191 1290.36682129 1290 1290.81298828 1292.21008301 1296.81835938 1300 1302.42773438 1310 1312.88293457 1316.38464355 1320.69262695 1322.90625 1334.38378906 1341.18554688 1343.80651855 1348.41687012 1350 1350 1352.50939941 1364.44567871 1368.55566406 1371.71142578 1377.64746094 1380 1384.82470703 1395.46374512 1410 1410 1414.13928223 1424.02172852 1435.61218262 1441.64953613 1447.88806152 1457.92590332 1465.09716797 1477.1619873 1481.39404297 1485.42504883 1495.10986328 1504.67663574 1515.05859375 1525.76867676 1533.80175781
1240.63220215 1249.57653809 1263.22839355 1268.79675293 1277.31494141 1277.6072998 1275.37548828 1278.1776123 1281.82739258 1284.90771484 1288.26379395 1291.63110352 1296.31213379 1300 1301.80529785 1310 1311.35095215 1313.29260254 1314.85290527 1318.25097656 1329.95422363 1342.2734375 1347.98864746 1349.01782227 1351.15478516 1355.27050781 1361.19055176 1364.8236084 1371.87744141 1377.64208984 1381.73681641 1385.13256836 1387.86669922 1395.56884766 1414.53723145 1421.94067383 1422.65368652 1422.19787598 1434.82092285 1447.46386719 1451.0267334 1460 1468.04516602 1477.34558105 1480 1485.25756836 1493.91906738 1500 1515.37097168 1529.54907227 1538.00598145
1236.73718262 1240 1242.39526367 1250.0144043 1257.38134766 1260 1268.00537109 1271.73937988 1277.18505859 1278.7265625 1282.35388184 1287.82434082 1292.40930176 1295.72058105 1299.31347656 1304.41394043 1304.7845459 1308.30749512 1311.53100586 1316.83569336 1328.16479492 1344.8404541 1351.16210938 1352.03027344 1355.33642578 1358.12145996 1362.25402832 1367.97460938 1374.70495605 1380.83300781 1387.65014648 1392.06079102 1398.92028809 1402.21984863 1410 1419.88049316 1432.34399414 1435.08288574 1440.01794434 1450 1457.7722168 1465.30224609 1471.98828125 1480 1481.75 1486.70092773 1494.64074707 1504.92199707 1518.03466797 1534.33325195 1542.26672363
1237.5402832 1240 1240 1245.97924805 1254.57202148 1258.7635498 1264.57653809 1268.60388184 1271.66967773 1275.26721191 1278.93835449 1284.33618164 1290 1290 1292.54382324 1300 1301.30737305 1302.46789551 1307.76989746 1315.30224609 1334.73986816 1345.47827148 1350 1356.09338379 1359.36669922 1361.68103027 1366.36547852 1371.46948242 1375.65686035 1384.72180176 1390 1395.63500977 1401.76745605 1406.375 1412.1159668 1417.80383301 1431.96630859 1440 1445.83569336 1452.32458496 1460 1466.19384766 1474.79187012 1480 1484.04504395 1487.15319824 1495.56774902 1505.66467285 1520 1534.97509766 1547.64904785
1235.72290039 1238.82873535 1239.38354492 1244.70837402 1251.74621582 1257.82470703 1261.32385254 1265.21679688 1269.5078125 1271.8416748 1277.78637695 1281.08837891 1285.30883789 1288.49560547 1290 1295.18115234 1300 1301.96228027 1302.69335938 1317.04431152 1334.90588379 1345.27392578 1351.69958496 1356.40551758 1360.94604492 1365.0715332 1367.4375 1371.91223145 1376.41467285 1385.23291016 1390 1395.58630371 1402.04516602 1406.17224121 1415.75463867 1422.09277344 1431.67651367 1437.53967285 1442.33410645 1451.74633789 1457.48059082 1465.42016602 1475.20361328 1480 1462.4173584 1467.88415527 1495.53051758 1510 1524.90881348 1535.67797852 1552.50305176
1233.20849609 1238.29138184 1239.30969238 1244.12585449 1248.43286133 1252.27270508 1260.90722656 1263.82641602 1268.00427246 1271.00378418 1274.10803223 1278.59484863 1281.10839844 1286.06518555 1290 1295.97521973 1300 1300 1300 1311.08874512 1327.5670166 1340.32751465 1347.87255859 1354.94665527 1360 1365.32006836 1368.00109863 1374.55480957 1377.21655273 1386.27539062 1390 1395.05895996 1400 1405.34973145 1415.82495117 1423.78991699 1428.51831055 1434.43444824 1440 1445.29431152 1450 1460 1475.1184082 1468.24401855 1437.91650391 1478.67370605 1509.6854248 1519.82556152 1527.49108887 1540.54150391 1554.98620605
1231.91992188 1236.23339844 1238.85339355 1241.16833496 1245.41015625 1250 1257.5255127 1261.63757324 1265.39318848 1269.03662109 1272.72033691 1275.71813965 1279.16052246 1281.95703125 1287.93786621 1292.66601562 1297.90808105 1298.85888672 1300 1302.80187988 1319.86560059 1332.56689453 1345.02856445 1352.1373291 1358.47314453 1362.3026123 1366.88952637 1371.93383789 1376.33886719 1382.54711914 1387.83508301 1393.99560547 1400 1404.79785156 1414.92407227 1421.45458984 1427.77600098 1435.76477051 1442.43518066 1448.26257324 1459.45568848 1467.77941895 1475.19213867 1464.24194336 1426.12451172 1478.12463379 1512.56884766 1524.73583984 1535.20227051 1545.32006836 1562.0234375
1231.56115723 1232.35766602 1237.50817871 1240 1245.4395752 1255.3828125 1260 1261.11535645 1264.71313477 1268.81921387 1270.96252441 1274.53991699 1278.2220459 1281.73620605 1286.21826172 1291.85510254 1297.47143555 1298.27246094 1300 1300 1314.47790527 1320.8770752 1335.21264648 1347.67175293 1355.7869873 1361.56689453 1362.94714355 1367.76818848 1372.8223877 1377.81311035 1385.37182617 1394.41247559 1401.61889648 1405.56433105 1414.62023926 1422.13415527 1428.01599121 1444.42614746 1449.75488281 1452.65283203 1464.12817383 1470 1480 1425.70019531 1458.71765137 1502.35510254 1513.35742188 1524.37451172 1534.40893555 1540 1554.71508789
1231.06872559 1231.93212891 1235.99230957 1240 1246.01928711 1252.38000488 1260 1260 1263.39538574 1266.52233887 1270.68530273 1271.72192383 1273.00061035 1280 1285.37817383 1291.01257324 1293.88122559 1300 1302.66772461 1305.16125488 1313.54931641 1316.16223145 1324.88244629 1342.3482666 1350.1776123 1355.23657227 1354.99499512 1357.7322998 1364.68481445 1375.0559082 1387.82250977 1394.79846191 1403.84667969 1406.49841309 1415.28540039 1424.37084961 1432.3404541 1444.48400879 1450 1458.3359375 1467.62744141 1466.08422852 1463.60449219 1445.28674316 1484.52941895 1505.32873535 1514.35534668 1524.91516113 1534.88269043 1544.73278809 1555.07739258
1230 1230 1233.39038086 1238.40869141 1241.92297363 1250 1252.32409668 1258.28149414 1261.14306641 1262.72509766 1268.45654297 1268.97229004 1270 1275.3848877 1284.29919434 1290 1294.85705566 1300.50695801 1305.26989746 1311.90283203 1317.69299316 1318.56323242 1325.10656738 1334.77648926 1342.45422363 1347.77270508 1348.79785156 1352.17077637 1360 1370.14587402 1382.49499512 1389.53588867 1399.71679688 1408.96655273 1419.55053711 1425.52514648 1437.85400391 1447.44299316 1452.38000488 1464.95458984 1472.46008301 1427.6619873 1423.66503906 1478.07824707 1500.2298584 1500.81616211 1512.86352539 1524.73461914 1535.06896973 1545.0291748 1555.2208252
1230 1230.72827148 1234.08154297 1236.95117188 1242.15673828 1247.64953613 1249.56030273 1255.26257324 1260.75183105 1261.36645508 1264.74731445 1268.28479004 1270 1274.7565918 1282.28149414 1290 1295.66455078 1302.44042969 1309.36315918 1315.20483398 1320.97790527 1322.04785156 1328.01647949 1335.39318848 1341.36303711 1344.94274902 1348.74316406 1355.35839844 1361.70288086 1367.98291016 1375.01525879 1385.03796387 1395.57824707 1408.0592041 1422.10717773 1430.62866211 1444.95336914 1450 1455.0390625 1465.32189941 1475.48669434 1409 1455.33935547 1486.0078125 1500.78198242 1505.01342773 1519.06323242 1527.63024902 1537.74707031 1547.70959473 1561.96350098
1230 1230 1232.7677002 1236.68249512 1239.27587891 1241.73254395 1247.65283203 1251.85339355 1257.73364258 1260 1261.0982666 1262.42492676 1270 1275.13623047 1282.10791016 1288.00744629 1295.91003418 1305.50549316 1311.90246582 1317.99316406 1321.53381348 1325.30786133 1330 1335.36547852 1340 1344.19580078 1347.2154541 1355.17834473 1361.80212402 1370 1375.41882324 1384.60375977 1394.66394043 1407.47546387 1425.05847168 1434.68286133 1442.26171875 1447.76550293 1453.79748535 1460 1475.08508301 1445.40478516 1433.60388184 1500.45922852 1500.83666992 1511.17993164 1525.09643555 1532.5423584 1542.12072754 1553.93261719 1564.74047852
1230 1230 1231.87072754 1232.84008789 1238.33886719 1238.78210449 1241.8918457 1246.1307373 1248.60546875 1252.56091309 1258.19580078 1260 1267.99475098 1275.38757324 1284.79968262 1290 1296.1574707 1305.27893066 1314.20898438 1318.42687988 1324.58215332 1328.63476562 1331.85144043 1336.66882324 1340 1344.72619629 1348.80700684 1350 1357.69494629 1370 1376.07189941 1385.13256836 1397.96289062 1412.1427002 1420 1434.83666992 1440 1440 1454.73486328 1462.34338379 1477.53942871 1441.63623047 1428.60241699 1500.43005371 1500.84802246 1510.99279785 1524.84069824 1535.41430664 1544.95361328 1554.68835449 1564.18835449
1228.57958984 1230.51464844 1230.91967773 1231.17041016 1233.20385742 1237.13183594 1240 1241.9440918 1244.55224609 1250 1251.58630371 1257.72351074 1267.47070312 1277.5703125 1284.38061523 1293.36303711 1300.06237793 1304.74267578 1314.11291504 1318.24389648 1325.23950195 1330 1334.50427246 1338.52331543 1340 1345.33312988 1350 1352.1151123 1361.4888916 1365.87243652 1377.46813965 1385.19091797 1397.8380127 1405.31298828 1414.79736328 1425.05407715 1434.07983398 1442.05200195 1452.35437012 1465.27441406 1477.28393555 1461.99597168 1419.52575684 1500.1652832 1500.58642578 1511.27563477 1524.8770752 1534.72290039 1544.42224121 1554.29174805 1564.1385498
1226.86486816 1227.13818359 1226.67272949 1228.81359863 1229.28112793 1231.73071289 1237.59155273 1240 1240 1244.26147461 1250 1257.53015137 1270.45275879 1282.54150391 1290.30859375 1302.55493164 1313.13769531 1315.03076172 1317.11706543 1320 1324.26818848 1332.30627441 1337.48547363 1338.66552734 1340 1345.15893555 1348.95300293 1355.05749512 1362.14306641 1368.31494141 1377.56689453 1385.52978516 1395.1036377 1405.09277344 1412.44775391 1424.82922363 1431.71960449 1444.94897461 1451.77246094 1457.99169922 1470.12585449 1467.67016602 1425.15661621 1500 1500.48596191 1511.95422363 1525.20507812 1534.9498291 1543.82128906 1552.13977051 1559.89416504
1222.28820801 1224.2064209 1223.45922852 1226.87890625 1228.32006836 1229.28527832 1233.52453613 1238.04577637 1241.33679199 1245.02783203 1251.44873047 1268.15588379 1280.19128418 1297.20080566 1314.94189453 1330.31054688 1335.37451172 1337.45861816 1327.45043945 1320 1329.99023438 1336.8548584 1327.88110352 1344.91210938 1340 1344.80664062 1348.15649414 1354.81591797 1364.63378906 1374.75500488 1381.51293945 1385.92456055 1395.47680664 1404.59741211 1410 1417.9329834 1428.19946289 1437.8269043 1444.86462402 1454.42504883 1465.33581543 1472.34875488 1458.86450195 1431.45776367 1500.41174316 1505.34277344 1518.89050293 1535.01123047 1545.00891113 1551.86767578 1558.22900391
1220 1220 1220 1222.62683105 1225.62536621 1230 1234.83874512 1238.73278809 1242.31799316 1248.28417969 1260.36914062 1270.93676758 1289.95275879 1310.17260742 1336.44702148 1313.85021973 1307.24694824 1306.50109863 1344.96496582 1324.60961914 1335.22119141 1306.25341797 1307 1324.06982422 1340 1341.61791992 1342.82287598 1350 1362.21862793 1375.10046387 1384.01147461 1386.57165527 1394.97302246 1400 1407.38867188 1415.4251709 1422.70605469 1435.21374512 1442.50170898 1452.18273926 1464.55761719 1470 1475.14538574 1480 1477.20703125 1506.56591797 1517.83117676 1532.45202637 1545.29077148 1554.66235352 1560
1220 1220 1220 1223.01977539 1228.10400391 1230 1235.09985352 1241.95483398 1248.10009766 1252.41308594 1266.50048828 1277.16723633 1295.14538574 1324.97766113 1350 1306.25463867 1307.25720215 1308 1324.83508301 1330 1339.63574219 1306.46862793 1307 1327.69299316 1340 1340 1340 1348.06396484 1354.99780273 1365.1072998 1379.13378906 1385.51147461 1392.03259277 1398.31030273 1410 1414.98181152 1421.85559082 1434.26013184 1442.00793457 1451.44995117 1460.34228516 1470 1475.65625 1444.30969238 1455.59985352 1504.7175293 1515.91467285 1525.03515625 1540.62744141 1551.8684082 1559.50390625
